
     i     initial x(i)        d(i)

     1    -0.100050D-02     0.100D+00
     2    -0.100050D-02     0.100D+00
     3    -0.100050D-02     0.100D+00
     4    -0.100050D-02     0.100D+00
     5    -0.100050D-02     0.100D+00
     6    -0.100050D-02     0.100D+00
     7    -0.100050D-02     0.100D+00
     8    -0.100050D-02     0.100D+00
     9    -0.100050D-02     0.100D+00
    10    -0.100050D-02     0.100D+00
    11    -0.100050D-02     0.100D+00
    12    -0.100050D-02     0.100D+00
    13    -0.100050D-02     0.100D+00
    14    -0.100050D-02     0.100D+00
    15    -0.100050D-02     0.100D+00
    16    -0.100050D-02     0.100D+00
    17    -0.100050D-02     0.100D+00
    18    -0.100050D-02     0.100D+00
    19    -0.100050D-02     0.100D+00
    20    -0.100050D-02     0.100D+00
    21    -0.100050D-02     0.100D+00
    22    -0.100050D-02     0.100D+00
    23    -0.100050D-02     0.100D+00
    24    -0.100050D-02     0.100D+00
    25    -0.100050D-02     0.100D+00
    26    -0.100050D-02     0.100D+00
    27    -0.100050D-02     0.100D+00
    28    -0.100050D-02     0.100D+00
    29    -0.100050D-02     0.100D+00
    30    -0.100050D-02     0.100D+00
    31    -0.921034D+01     0.100D+00
    32    -0.921034D+01     0.100D+00
    33    -0.921034D+01     0.100D+00
    34    -0.921034D+01     0.100D+00
    35    -0.921034D+01     0.100D+00
    36    -0.921034D+01     0.100D+00
    37    -0.921034D+01     0.100D+00
    38    -0.921034D+01     0.100D+00
    39    -0.921034D+01     0.100D+00
    40    -0.921034D+01     0.100D+00
    41    -0.921034D+01     0.100D+00
    42    -0.921034D+01     0.100D+00
    43    -0.921034D+01     0.100D+00
    44    -0.921034D+01     0.100D+00
    45    -0.921034D+01     0.100D+00
    46    -0.921034D+01     0.100D+00
    47    -0.921034D+01     0.100D+00
    48    -0.921034D+01     0.100D+00
    49    -0.921034D+01     0.100D+00
    50    -0.921034D+01     0.100D+00
    51    -0.921034D+01     0.100D+00
    52    -0.921034D+01     0.100D+00
    53    -0.921034D+01     0.100D+00
    54    -0.921034D+01     0.100D+00
    55    -0.921034D+01     0.100D+00
    56    -0.921034D+01     0.100D+00
    57    -0.921034D+01     0.100D+00
    58    -0.921034D+01     0.100D+00
    59    -0.921034D+01     0.100D+00
    60    -0.921034D+01     0.100D+00
    61    -0.921034D+01     0.100D+00
    62    -0.921034D+01     0.100D+00
    63    -0.921034D+01     0.100D+00
    64    -0.921034D+01     0.100D+00
    65    -0.921034D+01     0.100D+00
    66    -0.921034D+01     0.100D+00
    67    -0.921034D+01     0.100D+00
    68    -0.921034D+01     0.100D+00
    69    -0.921034D+01     0.100D+00
    70    -0.921034D+01     0.100D+00
    71    -0.921034D+01     0.100D+00
    72    -0.921034D+01     0.100D+00
    73    -0.921034D+01     0.100D+00
    74    -0.921034D+01     0.100D+00
    75    -0.921034D+01     0.100D+00
    76    -0.921034D+01     0.100D+00
    77    -0.921034D+01     0.100D+00
    78    -0.921034D+01     0.100D+00
    79    -0.921034D+01     0.100D+00
    80    -0.921034D+01     0.100D+00
    81    -0.921034D+01     0.100D+00
    82    -0.921034D+01     0.100D+00
    83    -0.921034D+01     0.100D+00
    84    -0.921034D+01     0.100D+00
    85    -0.921034D+01     0.100D+00
    86    -0.921034D+01     0.100D+00
    87    -0.921034D+01     0.100D+00
    88    -0.921034D+01     0.100D+00
    89    -0.921034D+01     0.100D+00
    90    -0.921034D+01     0.100D+00
    91    -0.921034D+01     0.100D+00
    92    -0.921034D+01     0.100D+00
    93    -0.921034D+01     0.100D+00
    94    -0.921034D+01     0.100D+00
    95    -0.921034D+01     0.100D+00
    96    -0.921034D+01     0.100D+00
    97    -0.921034D+01     0.100D+00
    98    -0.921034D+01     0.100D+00
    99    -0.921034D+01     0.100D+00
   100    -0.921034D+01     0.100D+00
   101    -0.921034D+01     0.100D+00
   102    -0.921034D+01     0.100D+00
   103    -0.921034D+01     0.100D+00
   104    -0.921034D+01     0.100D+00
   105    -0.921034D+01     0.100D+00
   106    -0.921034D+01     0.100D+00
   107    -0.921034D+01     0.100D+00
   108    -0.921034D+01     0.100D+00
   109    -0.921034D+01     0.100D+00
   110    -0.921034D+01     0.100D+00
   111    -0.921034D+01     0.100D+00
   112    -0.921034D+01     0.100D+00
   113    -0.921034D+01     0.100D+00
   114    -0.921034D+01     0.100D+00
   115    -0.921034D+01     0.100D+00
   116    -0.921034D+01     0.100D+00
   117    -0.921034D+01     0.100D+00
   118    -0.921034D+01     0.100D+00
   119    -0.921034D+01     0.100D+00
   120    -0.921034D+01     0.100D+00
   121    -0.921034D+01     0.100D+00
   122    -0.921034D+01     0.100D+00
   123    -0.921034D+01     0.100D+00
   124    -0.921034D+01     0.100D+00
   125    -0.921034D+01     0.100D+00
   126    -0.921034D+01     0.100D+00
   127    -0.921034D+01     0.100D+00
   128    -0.921034D+01     0.100D+00
   129    -0.921034D+01     0.100D+00
   130    -0.921034D+01     0.100D+00
   131    -0.921034D+01     0.100D+00
   132    -0.921034D+01     0.100D+00
   133    -0.921034D+01     0.100D+00
   134    -0.921034D+01     0.100D+00
   135    -0.921034D+01     0.100D+00
   136    -0.921034D+01     0.100D+00
   137    -0.921034D+01     0.100D+00
   138    -0.921034D+01     0.100D+00
   139    -0.921034D+01     0.100D+00
   140    -0.921034D+01     0.100D+00
   141    -0.921034D+01     0.100D+00
   142    -0.921034D+01     0.100D+00
   143    -0.921034D+01     0.100D+00
   144    -0.921034D+01     0.100D+00
   145    -0.921034D+01     0.100D+00
   146    -0.921034D+01     0.100D+00
   147    -0.921034D+01     0.100D+00
   148    -0.921034D+01     0.100D+00
   149    -0.921034D+01     0.100D+00
   150    -0.921034D+01     0.100D+00
   151    -0.921034D+01     0.100D+00
   152    -0.921034D+01     0.100D+00
   153    -0.921034D+01     0.100D+00
   154    -0.921034D+01     0.100D+00
   155    -0.921034D+01     0.100D+00
   156    -0.921034D+01     0.100D+00
   157    -0.921034D+01     0.100D+00
   158    -0.921034D+01     0.100D+00
   159    -0.921034D+01     0.100D+00
   160    -0.921034D+01     0.100D+00
   161    -0.921034D+01     0.100D+00
   162    -0.921034D+01     0.100D+00
   163    -0.921034D+01     0.100D+00
   164    -0.921034D+01     0.100D+00
   165    -0.921034D+01     0.100D+00
   166    -0.921034D+01     0.100D+00
   167    -0.921034D+01     0.100D+00
   168    -0.921034D+01     0.100D+00
   169    -0.921034D+01     0.100D+00
   170    -0.921034D+01     0.100D+00
   171    -0.921034D+01     0.100D+00
   172    -0.921034D+01     0.100D+00
   173    -0.921034D+01     0.100D+00
   174    -0.921034D+01     0.100D+00
   175    -0.921034D+01     0.100D+00
   176    -0.921034D+01     0.100D+00
   177    -0.921034D+01     0.100D+00
   178    -0.921034D+01     0.100D+00
   179    -0.921034D+01     0.100D+00
   180    -0.921034D+01     0.100D+00
   181    -0.921034D+01     0.100D+00
   182    -0.921034D+01     0.100D+00
   183    -0.921034D+01     0.100D+00
   184    -0.921034D+01     0.100D+00
   185    -0.921034D+01     0.100D+00
   186    -0.921034D+01     0.100D+00
   187    -0.921034D+01     0.100D+00
   188    -0.921034D+01     0.100D+00
   189    -0.921034D+01     0.100D+00
   190    -0.921034D+01     0.100D+00
   191    -0.921034D+01     0.100D+00
   192    -0.921034D+01     0.100D+00
   193    -0.921034D+01     0.100D+00
   194    -0.921034D+01     0.100D+00
   195    -0.921034D+01     0.100D+00
   196    -0.921034D+01     0.100D+00
   197    -0.921034D+01     0.100D+00
   198    -0.921034D+01     0.100D+00
   199    -0.921034D+01     0.100D+00
   200    -0.921034D+01     0.100D+00
   201    -0.921034D+01     0.100D+00
   202    -0.921034D+01     0.100D+00
   203    -0.921034D+01     0.100D+00
   204    -0.921034D+01     0.100D+00
   205    -0.921034D+01     0.100D+00
   206    -0.921034D+01     0.100D+00
   207    -0.921034D+01     0.100D+00
   208    -0.921034D+01     0.100D+00
   209    -0.921034D+01     0.100D+00
   210    -0.921034D+01     0.100D+00
   211    -0.921034D+01     0.100D+00
   212    -0.921034D+01     0.100D+00
   213    -0.921034D+01     0.100D+00
   214    -0.921034D+01     0.100D+00
   215    -0.921034D+01     0.100D+00
   216    -0.921034D+01     0.100D+00
   217    -0.921034D+01     0.100D+00
   218    -0.921034D+01     0.100D+00
   219    -0.921034D+01     0.100D+00
   220    -0.921034D+01     0.100D+00
   221    -0.921034D+01     0.100D+00
   222    -0.921034D+01     0.100D+00
   223    -0.921034D+01     0.100D+00
   224    -0.921034D+01     0.100D+00
   225    -0.921034D+01     0.100D+00
   226    -0.921034D+01     0.100D+00
   227    -0.921034D+01     0.100D+00
   228    -0.921034D+01     0.100D+00
   229    -0.921034D+01     0.100D+00
   230    -0.921034D+01     0.100D+00
   231    -0.921034D+01     0.100D+00
   232    -0.921034D+01     0.100D+00
   233    -0.921034D+01     0.100D+00
   234    -0.921034D+01     0.100D+00
   235    -0.921034D+01     0.100D+00
   236    -0.921034D+01     0.100D+00
   237    -0.921034D+01     0.100D+00
   238    -0.921034D+01     0.100D+00
   239    -0.921034D+01     0.100D+00
   240    -0.921034D+01     0.100D+00
   241    -0.921034D+01     0.100D+00
   242    -0.921034D+01     0.100D+00
   243    -0.921034D+01     0.100D+00
   244    -0.921034D+01     0.100D+00
   245    -0.921034D+01     0.100D+00
   246    -0.921034D+01     0.100D+00
   247    -0.921034D+01     0.100D+00
   248    -0.921034D+01     0.100D+00
   249    -0.921034D+01     0.100D+00
   250    -0.921034D+01     0.100D+00
   251    -0.921034D+01     0.100D+00
   252    -0.921034D+01     0.100D+00
   253    -0.921034D+01     0.100D+00
   254    -0.921034D+01     0.100D+00
   255    -0.921034D+01     0.100D+00
   256    -0.921034D+01     0.100D+00
   257    -0.921034D+01     0.100D+00
   258    -0.921034D+01     0.100D+00
   259    -0.921034D+01     0.100D+00
   260    -0.921034D+01     0.100D+00
   261    -0.921034D+01     0.100D+00
   262    -0.921034D+01     0.100D+00
   263    -0.921034D+01     0.100D+00
   264    -0.921034D+01     0.100D+00
   265    -0.921034D+01     0.100D+00
   266    -0.921034D+01     0.100D+00
   267    -0.921034D+01     0.100D+00
   268    -0.921034D+01     0.100D+00
   269    -0.921034D+01     0.100D+00
   270    -0.921034D+01     0.100D+00
   271    -0.921034D+01     0.100D+00
   272    -0.921034D+01     0.100D+00
   273    -0.921034D+01     0.100D+00
   274    -0.921034D+01     0.100D+00
   275    -0.921034D+01     0.100D+00
   276    -0.921034D+01     0.100D+00
   277    -0.921034D+01     0.100D+00
   278    -0.921034D+01     0.100D+00
   279    -0.921034D+01     0.100D+00
   280    -0.921034D+01     0.100D+00
   281    -0.921034D+01     0.100D+00
   282    -0.921034D+01     0.100D+00
   283    -0.921034D+01     0.100D+00
   284    -0.921034D+01     0.100D+00
   285    -0.921034D+01     0.100D+00
   286    -0.921034D+01     0.100D+00
   287    -0.921034D+01     0.100D+00
   288    -0.921034D+01     0.100D+00
   289    -0.921034D+01     0.100D+00
   290    -0.921034D+01     0.100D+00
   291    -0.921034D+01     0.100D+00
   292    -0.921034D+01     0.100D+00
   293    -0.921034D+01     0.100D+00
   294    -0.921034D+01     0.100D+00
   295    -0.921034D+01     0.100D+00
   296    -0.921034D+01     0.100D+00
   297    -0.921034D+01     0.100D+00
   298    -0.921034D+01     0.100D+00
   299    -0.921034D+01     0.100D+00
   300    -0.921034D+01     0.100D+00
   301    -0.921034D+01     0.100D+00
   302    -0.921034D+01     0.100D+00
   303    -0.921034D+01     0.100D+00
   304    -0.921034D+01     0.100D+00
   305    -0.921034D+01     0.100D+00
   306    -0.921034D+01     0.100D+00
   307    -0.921034D+01     0.100D+00
   308    -0.921034D+01     0.100D+00
   309    -0.921034D+01     0.100D+00
   310    -0.921034D+01     0.100D+00
   311    -0.921034D+01     0.100D+00
   312    -0.921034D+01     0.100D+00
   313    -0.921034D+01     0.100D+00
   314    -0.921034D+01     0.100D+00
   315    -0.921034D+01     0.100D+00
   316    -0.921034D+01     0.100D+00
   317    -0.921034D+01     0.100D+00
   318    -0.921034D+01     0.100D+00
   319    -0.921034D+01     0.100D+00
   320    -0.921034D+01     0.100D+00
   321    -0.921034D+01     0.100D+00
   322    -0.921034D+01     0.100D+00
   323    -0.921034D+01     0.100D+00
   324    -0.921034D+01     0.100D+00
   325    -0.921034D+01     0.100D+00
   326    -0.921034D+01     0.100D+00
   327    -0.921034D+01     0.100D+00
   328    -0.921034D+01     0.100D+00
   329    -0.921034D+01     0.100D+00
   330    -0.921034D+01     0.100D+00

    it   nf       f        reldf    preldf    reldx   stppar   d*step   npreldf

     0    1 -0.153D+04
     1    2 -0.154D+04  0.44D-03  0.16D-02  0.2D+00  0.4D+01  0.1D+01  0.30D-02
     2    3 -0.154D+04  0.13D-02  0.27D-03  0.2D+00  0.0D+00  0.1D+01  0.27D-03
     3    5 -0.156D+04  0.14D-01  0.98D-02  0.7D+00  0.2D+01  0.4D+01  0.64D+00
     4    6 -0.157D+04  0.51D-02  0.24D-01  0.3D+00  0.2D+01  0.4D+01  0.95D+00
     5    7 -0.157D+04  0.51D-02  0.19D-01  0.2D+00  0.2D+01  0.4D+01  0.81D-01
     6    8 -0.157D+04  0.34D-03  0.17D-02  0.2D+00  0.0D+00  0.2D+01  0.17D-02
     7    9 -0.157D+04  0.81D-05  0.43D-05  0.1D-01  0.0D+00  0.2D+00  0.43D-05
     8   11 -0.158D+04  0.32D-03  0.87D-04  0.2D+00  0.6D+00  0.3D+01  0.11D-03
     9   12 -0.158D+04  0.44D-03  0.12D-02  0.4D+00  0.0D+00  0.4D+01  0.12D-02
    10   13 -0.158D+04  0.42D-03  0.76D-02  0.5D+00  0.8D+00  0.4D+01  0.10D-01
    11   14 -0.158D+04  0.24D-03  0.88D-03  0.2D+00  0.2D+01  0.2D+01  0.21D-02
    12   15 -0.158D+04  0.15D-04  0.18D-04  0.4D-01  0.0D+00  0.4D+00  0.18D-04
    13   16 -0.158D+04  0.35D-05  0.18D-05  0.7D-02  0.0D+00  0.9D-01  0.18D-05
    14   17 -0.158D+04  0.41D-04  0.15D-04  0.4D-01  0.1D+01  0.4D+00  0.44D-04
    15   19 -0.158D+04  0.22D-03  0.13D-03  0.8D-01  0.2D+01  0.5D+00  0.31D-01
    16   20 -0.158D+04  0.12D-05  0.15D-05  0.9D-02  0.0D+00  0.1D+00  0.15D-05
    17   22 -0.158D+04  0.70D-05  0.12D-04  0.3D-01  0.2D+01  0.4D+00  0.11D-03
    18   23 -0.158D+04  0.23D-05  0.16D-05  0.7D-02  0.0D+00  0.7D-01  0.16D-05
    19   25 -0.158D+04  0.23D-05  0.27D-05  0.2D-01  0.0D+00  0.2D+00  0.27D-05
    20   26 -0.158D+04  0.20D-05  0.26D-05  0.1D-01  0.0D+00  0.1D+00  0.26D-05
    21   27 -0.158D+04  0.12D-05  0.13D-05  0.1D-01  0.0D+00  0.7D-01  0.13D-05
    22   28 -0.158D+04  0.78D-06  0.81D-06  0.9D-02  0.7D+00  0.7D-01  0.97D-06
    23   29 -0.158D+04  0.45D-06  0.32D-06  0.6D-02  0.0D+00  0.6D-01  0.32D-06
    24   30 -0.158D+04  0.34D-06  0.30D-06  0.5D-02  0.1D+01  0.6D-01  0.36D-06
    25   31 -0.158D+04  0.36D-06  0.30D-06  0.1D-01  0.0D+00  0.1D+00  0.30D-06
    26   32 -0.158D+04  0.32D-06  0.17D-06  0.1D-01  0.0D+00  0.1D+00  0.17D-06
    27   34 -0.158D+04  0.14D-05  0.13D-05  0.4D-01  0.4D+00  0.4D+00  0.36D-05
    28   70 -0.158D+04  0.14D-15  0.26D-13  0.2D-11  0.1D+11  0.1D-10  0.17D-03
    29   73 -0.158D+04  0.43D-15  0.13D-16  0.1D-12  0.2D+01  0.1D-11  0.24D-06
    30   78 -0.158D+04  0.00D+00  0.12D-18  0.7D-15  0.6D+03  0.6D-14  0.24D-06

False convergence.

 function    -0.157736D+04   reldx        0.747D-15
 func. evals      78         grad. evals      30
 preldf       0.122D-18      npreldf      0.238D-06

     i      final x(i)        d(i)          g(i)

     1    0.899138D+01     0.100D+00     0.487D-04
     2    0.870260D+01     0.100D+00     0.567D-04
     3    0.989682D+01     0.100D+00     0.212D-04
     4    0.870552D+01     0.100D+00     0.948D-04
     5    0.634497D+01     0.100D+00     0.807D-04
     6    0.595673D+01     0.100D+00    -0.232D-03
     7    0.109726D+02     0.100D+00    -0.187D-03
     8    0.149473D+02     0.100D+00     0.860D-05
     9    0.151997D+01     0.100D+00     0.582D-03
    10    0.117283D+01     0.100D+00     0.441D-03
    11    0.137802D+01     0.100D+00     0.152D-03
    12    0.369551D+01     0.100D+00     0.227D-04
    13    0.260410D+01     0.100D+00     0.196D-03
    14    0.129120D+01     0.100D+00     0.664D-04
    15    0.140409D+01     0.100D+00     0.118D-03
    16    0.975720D+00     0.100D+00    -0.620D-03
    17    0.889496D+01     0.100D+00     0.293D-03
    18    0.871363D+01     0.100D+00     0.461D-03
    19    0.102274D+02     0.100D+00     0.109D-02
    20    0.687676D+01     0.100D+00    -0.148D-02
    21   -0.105448D+02     0.100D+00    -0.445D-05
    22    0.198494D+02     0.100D+00     0.565D-06
    23   -0.134013D+02     0.100D+00    -0.802D-09
    24   -0.208299D+01     0.100D+00     0.186D-04
    25   -0.868784D+01     0.100D+00    -0.853D-06
    26   -0.182335D+02     0.100D+00    -0.320D-09
    27   -0.953050D+01     0.100D+00    -0.190D-06
    28   -0.972474D+01     0.100D+00    -0.277D-06
    29   -0.185150D+02     0.100D+00    -0.144D-08
    30   -0.183917D+02     0.100D+00    -0.667D-09
    31   -0.853615D+01     0.100D+00    -0.444D-07
    32   -0.742451D+01     0.100D+00    -0.137D-06
    33   -0.126935D+02     0.100D+00    -0.198D-06
    34   -0.124082D+02     0.100D+00    -0.156D-06
    35   -0.107834D+02     0.100D+00    -0.440D-07
    36   -0.128462D+02     0.100D+00    -0.475D-06
    37   -0.162065D+02     0.100D+00    -0.665D-07
    38   -0.160865D+02     0.100D+00    -0.179D-08
    39   -0.653950D+01     0.100D+00    -0.471D-06
    40   -0.752168D+01     0.100D+00    -0.163D-04
    41   -0.590896D+00     0.100D+00     0.160D-02
    42    0.127303D+01     0.100D+00    -0.108D-02
    43    0.574692D+00     0.100D+00    -0.426D-03
    44    0.812584D+00     0.100D+00    -0.257D-03
    45   -0.607782D+01     0.100D+00     0.757D-03
    46   -0.573518D+01     0.100D+00     0.191D-03
    47   -0.586672D+01     0.100D+00     0.102D-03
    48   -0.459359D+01     0.100D+00     0.236D-04
    49   -0.349754D+01     0.100D+00     0.189D-03
    50   -0.590799D+01     0.100D+00    -0.243D-03
    51   -0.617260D+01     0.100D+00    -0.503D-03
    52   -0.591981D+01     0.100D+00    -0.559D-03
    53   -0.433747D+01     0.100D+00    -0.706D-05
    54    0.333559D+01     0.100D+00     0.195D-03
    55   -0.152174D+01     0.100D+00     0.375D-03
    56   -0.133508D+01     0.100D+00     0.352D-04
    57   -0.800493D+01     0.100D+00    -0.642D-04
    58   -0.964228D+01     0.100D+00    -0.501D-05
    59   -0.963991D+01     0.100D+00    -0.829D-05
    60   -0.959648D+01     0.100D+00    -0.785D-05
    61    0.154505D+02     0.100D+00    -0.268D-04
    62    0.138773D+02     0.100D+00    -0.471D-04
    63   -0.107686D+02     0.100D+00    -0.139D-06
    64   -0.105238D+02     0.100D+00    -0.104D-06
    65   -0.937266D+01     0.100D+00    -0.239D-07
    66   -0.494040D+01     0.100D+00    -0.559D-05
    67   -0.994765D+01     0.100D+00    -0.326D-06
    68   -0.968127D+01     0.100D+00    -0.107D-07
    69   -0.135081D+02     0.100D+00    -0.552D-08
    70    0.446455D+01     0.100D+00     0.648D-06
    71   -0.101692D+02     0.100D+00    -0.724D-05
    72   -0.105830D+02     0.100D+00    -0.116D-05
    73   -0.864141D+01     0.100D+00    -0.148D-04
    74   -0.863331D+01     0.100D+00    -0.140D-04
    75   -0.859271D+01     0.100D+00    -0.105D-03
    76   -0.943682D+01     0.100D+00    -0.476D-04
    77   -0.933138D+01     0.100D+00    -0.336D-04
    78   -0.845925D+01     0.100D+00    -0.745D-04
    79   -0.872114D+01     0.100D+00    -0.724D-04
    80   -0.865685D+01     0.100D+00     0.312D-04
    81   -0.853749D+01     0.100D+00    -0.666D-04
    82   -0.807241D+01     0.100D+00    -0.470D-04
    83   -0.921164D+01     0.100D+00    -0.458D-06
    84   -0.970769D+01     0.100D+00    -0.257D-05
    85   -0.930560D+01     0.100D+00    -0.280D-04
    86   -0.934359D+01     0.100D+00    -0.231D-04
    87   -0.105198D+02     0.100D+00    -0.625D-06
    88   -0.100585D+02     0.100D+00    -0.290D-05
    89   -0.100426D+02     0.100D+00    -0.486D-05
    90   -0.100406D+02     0.100D+00    -0.431D-05
    91    0.617527D+01     0.100D+00     0.269D-04
    92    0.525252D+01     0.100D+00     0.473D-04
    93   -0.731923D+01     0.100D+00    -0.588D-06
    94   -0.977542D+01     0.100D+00    -0.110D-06
    95   -0.818471D+01     0.100D+00    -0.332D-07
    96   -0.996433D+01     0.100D+00    -0.374D-06
    97   -0.102980D+02     0.100D+00    -0.168D-06
    98   -0.993980D+01     0.100D+00    -0.613D-08
    99   -0.871472D+01     0.100D+00    -0.294D-07
   100   -0.912563D+01     0.100D+00     0.287D-05
   101   -0.802503D+01     0.100D+00    -0.610D-04
   102   -0.999211D+01     0.100D+00    -0.343D-05
   103   -0.973195D+01     0.100D+00    -0.825D-05
   104   -0.983959D+01     0.100D+00    -0.706D-05
   105   -0.915419D+01     0.100D+00    -0.753D-04
   106   -0.909129D+01     0.100D+00    -0.134D-03
   107   -0.897101D+01     0.100D+00    -0.101D-03
   108   -0.930959D+01     0.100D+00    -0.574D-04
   109   -0.958083D+01     0.100D+00    -0.447D-04
   110   -0.972399D+01     0.100D+00     0.271D-05
   111   -0.973001D+01     0.100D+00     0.195D-04
   112   -0.975554D+01     0.100D+00    -0.499D-06
   113   -0.108863D+02     0.100D+00    -0.145D-06
   114   -0.113926D+02     0.100D+00    -0.814D-06
   115   -0.928333D+01     0.100D+00    -0.356D-04
   116   -0.930080D+01     0.100D+00    -0.294D-04
   117   -0.100827D+02     0.100D+00    -0.552D-05
   118   -0.101883D+02     0.100D+00    -0.216D-05
   119   -0.101773D+02     0.100D+00    -0.350D-05
   120   -0.101734D+02     0.100D+00    -0.314D-05
   121   -0.107828D+02     0.100D+00    -0.602D-08
   122   -0.915321D+01     0.100D+00    -0.419D-07
   123   -0.119774D+02     0.100D+00    -0.940D-07
   124   -0.118229D+02     0.100D+00    -0.696D-07
   125   -0.109671D+02     0.100D+00    -0.123D-07
   126   -0.120276D+02     0.100D+00    -0.198D-06
   127   -0.950771D+01     0.100D+00    -0.227D-06
   128   -0.926704D+01     0.100D+00    -0.770D-08
   129   -0.904283D+01     0.100D+00    -0.216D-07
   130   -0.639281D+01     0.100D+00     0.469D-05
   131   -0.114869D+02     0.100D+00    -0.369D-05
   132   -0.118533D+02     0.100D+00    -0.591D-06
   133   -0.116368D+02     0.100D+00    -0.139D-05
   134   -0.100515D+02     0.100D+00    -0.742D-05
   135   -0.998799D+01     0.100D+00     0.291D-04
   136   -0.995525D+01     0.100D+00    -0.988D-06
   137   -0.991267D+01     0.100D+00     0.706D-05
   138   -0.919085D+01     0.100D+00    -0.533D-04
   139   -0.935603D+01     0.100D+00    -0.493D-04
   140   -0.920903D+01     0.100D+00     0.486D-05
   141   -0.992327D+01     0.100D+00     0.295D-04
   142   -0.104705D+02     0.100D+00     0.268D-04
   143   -0.123642D+02     0.100D+00    -0.100D-07
   144   -0.123608D+02     0.100D+00    -0.262D-06
   145   -0.113090D+02     0.100D+00    -0.535D-05
   146   -0.114329D+02     0.100D+00    -0.386D-05
   147   -0.105756D+02     0.100D+00    -0.410D-06
   148   -0.104824D+02     0.100D+00    -0.415D-06
   149   -0.104797D+02     0.100D+00    -0.419D-06
   150   -0.104389D+02     0.100D+00    -0.634D-06
   151   -0.115898D+02     0.100D+00    -0.750D-09
   152   -0.102237D+02     0.100D+00     0.218D-08
   153   -0.113905D+02     0.100D+00    -0.395D-07
   154   -0.114367D+02     0.100D+00    -0.258D-07
   155   -0.857478D+01     0.100D+00    -0.166D-07
   156   -0.104992D+02     0.100D+00    -0.167D-06
   157   -0.997047D+01     0.100D+00    -0.113D-06
   158   -0.973438D+01     0.100D+00    -0.393D-08
   159   -0.132268D+02     0.100D+00    -0.664D-09
   160   -0.116105D+02     0.100D+00     0.170D-06
   161   -0.127479D+02     0.100D+00    -0.238D-06
   162   -0.130241D+02     0.100D+00    -0.427D-07
   163   -0.119277D+02     0.100D+00    -0.960D-06
   164   -0.120705D+02     0.100D+00    -0.822D-06
   165   -0.994197D+01     0.100D+00     0.267D-04
   166   -0.101194D+02     0.100D+00    -0.112D-04
   167   -0.100566D+02     0.100D+00    -0.394D-05
   168   -0.102051D+02     0.100D+00    -0.327D-04
   169   -0.104213D+02     0.100D+00    -0.134D-04
   170   -0.100686D+02     0.100D+00     0.114D-04
   171   -0.106836D+02     0.100D+00     0.587D-04
   172   -0.103045D+02     0.100D+00     0.133D-04
   173   -0.123367D+02     0.100D+00    -0.225D-07
   174   -0.128587D+02     0.100D+00    -0.126D-06
   175   -0.117792D+02     0.100D+00    -0.367D-06
   176   -0.119161D+02     0.100D+00    -0.204D-05
   177   -0.105303D+02     0.100D+00    -0.783D-06
   178   -0.104541D+02     0.100D+00    -0.566D-06
   179   -0.105281D+02     0.100D+00     0.590D-08
   180   -0.105156D+02     0.100D+00    -0.693D-07
   181   -0.126518D+02     0.100D+00    -0.110D-08
   182   -0.122451D+02     0.100D+00    -0.241D-08
   183   -0.113529D+02     0.100D+00    -0.297D-07
   184   -0.119233D+02     0.100D+00    -0.969D-08
   185   -0.106680D+02     0.100D+00    -0.433D-08
   186   -0.121440D+02     0.100D+00    -0.727D-07
   187   -0.105757D+02     0.100D+00    -0.836D-07
   188   -0.977575D+01     0.100D+00    -0.417D-08
   189   -0.109630D+02     0.100D+00    -0.931D-08
   190   -0.897839D+01     0.100D+00     0.899D-05
   191   -0.100003D+02     0.100D+00    -0.227D-04
   192   -0.105534D+02     0.100D+00    -0.320D-05
   193   -0.112680D+02     0.100D+00    -0.262D-05
   194   -0.122891D+02     0.100D+00    -0.721D-06
   195   -0.100121D+02     0.100D+00     0.275D-04
   196   -0.100015D+02     0.100D+00    -0.137D-05
   197   -0.103490D+02     0.100D+00     0.290D-04
   198   -0.106589D+02     0.100D+00    -0.493D-05
   199   -0.109387D+02     0.100D+00    -0.631D-05
   200   -0.100022D+02     0.100D+00     0.178D-05
   201   -0.986049D+01     0.100D+00     0.208D-04
   202   -0.992576D+01     0.100D+00    -0.258D-05
   203   -0.120467D+02     0.100D+00    -0.451D-07
   204   -0.111702D+02     0.100D+00    -0.126D-05
   205   -0.100913D+02     0.100D+00    -0.250D-04
   206   -0.101256D+02     0.100D+00    -0.205D-04
   207   -0.953847D+01     0.100D+00    -0.138D-04
   208   -0.994733D+01     0.100D+00    -0.397D-05
   209   -0.992850D+01     0.100D+00    -0.677D-05
   210   -0.994216D+01     0.100D+00    -0.578D-05
   211   -0.866367D+01     0.100D+00    -0.200D-07
   212   -0.861692D+01     0.100D+00    -0.429D-07
   213   -0.842104D+00     0.100D+00     0.489D-05
   214   -0.980114D+01     0.100D+00     0.203D-06
   215   -0.665768D+01     0.100D+00    -0.350D-08
   216   -0.101449D+02     0.100D+00    -0.124D-06
   217   -0.113976D+02     0.100D+00    -0.450D-07
   218   -0.107077D+02     0.100D+00    -0.201D-08
   219   -0.131414D+02     0.100D+00    -0.224D-08
   220   -0.971439D+01     0.100D+00     0.213D-05
   221   -0.109846D+02     0.100D+00    -0.995D-05
   222   -0.113422D+02     0.100D+00    -0.159D-05
   223   -0.128127D+02     0.100D+00    -0.925D-07
   224   -0.129880D+02     0.100D+00    -0.781D-07
   225   -0.988751D+01     0.100D+00     0.322D-04
   226   -0.988666D+01     0.100D+00     0.300D-05
   227   -0.982553D+01     0.100D+00     0.108D-04
   228   -0.107309D+02     0.100D+00     0.289D-05
   229   -0.109880D+02     0.100D+00    -0.183D-05
   230   -0.106442D+02     0.100D+00     0.265D-04
   231   -0.103328D+02     0.100D+00     0.567D-04
   232   -0.105834D+02     0.100D+00     0.301D-04
   233   -0.112054D+02     0.100D+00    -0.146D-06
   234   -0.117608D+02     0.100D+00    -0.809D-06
   235   -0.106804D+02     0.100D+00    -0.161D-04
   236   -0.116230D+02     0.100D+00    -0.340D-05
   237   -0.104807D+02     0.100D+00    -0.130D-05
   238   -0.103929D+02     0.100D+00    -0.924D-06
   239   -0.103443D+02     0.100D+00    -0.194D-05
   240   -0.105237D+02     0.100D+00    -0.128D-06
   241   -0.176237D+02     0.100D+00    -0.488D-10
   242   -0.168984D+02     0.100D+00    -0.150D-09
   243    0.966956D+01     0.100D+00    -0.358D-05
   244    0.104724D+02     0.100D+00    -0.398D-05
   245   -0.115008D+02     0.100D+00    -0.157D-08
   246   -0.128711D+02     0.100D+00    -0.398D-07
   247   -0.112796D+02     0.100D+00    -0.410D-07
   248   -0.988333D+01     0.100D+00    -0.214D-08
   249   -0.133126D+02     0.100D+00    -0.231D-08
   250   -0.105346D+02     0.100D+00    -0.235D-06
   251   -0.113772D+02     0.100D+00    -0.550D-05
   252   -0.109043D+02     0.100D+00    -0.229D-05
   253   -0.106625D+02     0.100D+00    -0.547D-05
   254   -0.108921D+02     0.100D+00    -0.445D-05
   255   -0.968692D+01     0.100D+00    -0.868D-05
   256   -0.966574D+01     0.100D+00    -0.428D-04
   257   -0.958703D+01     0.100D+00    -0.313D-04
   258   -0.103276D+02     0.100D+00    -0.168D-04
   259   -0.106270D+02     0.100D+00    -0.138D-04
   260   -0.101887D+02     0.100D+00     0.738D-05
   261   -0.885576D+01     0.100D+00    -0.476D-04
   262   -0.812497D+01     0.100D+00    -0.668D-04
   263   -0.955134D+01     0.100D+00    -0.664D-06
   264   -0.110334D+02     0.100D+00    -0.143D-05
   265   -0.997413D+01     0.100D+00    -0.274D-04
   266   -0.995391D+01     0.100D+00    -0.233D-04
   267   -0.103063D+02     0.100D+00    -0.309D-05
   268   -0.102302D+02     0.100D+00    -0.196D-05
   269   -0.102345D+02     0.100D+00    -0.298D-05
   270   -0.105121D+02     0.100D+00    -0.134D-06
   271   -0.100897D+02     0.100D+00    -0.217D-08
   272   -0.867710D+01     0.100D+00    -0.957D-08
   273   -0.123890D+02     0.100D+00     0.605D-07
   274   -0.198201D+01     0.100D+00     0.445D-05
   275    0.146721D+02     0.100D+00     0.141D-06
   276   -0.579919D+01     0.100D+00     0.405D-05
   277   -0.100034D+02     0.100D+00     0.179D-06
   278   -0.100577D+02     0.100D+00     0.425D-08
   279   -0.105879D+02     0.100D+00    -0.197D-07
   280   -0.989691D+01     0.100D+00     0.158D-05
   281   -0.110367D+02     0.100D+00    -0.975D-05
   282   -0.124410D+02     0.100D+00    -0.478D-06
   283   -0.122817D+02     0.100D+00    -0.110D-05
   284   -0.125017D+02     0.100D+00    -0.901D-06
   285   -0.949741D+01     0.100D+00    -0.699D-04
   286   -0.949326D+01     0.100D+00    -0.122D-03
   287   -0.932693D+01     0.100D+00    -0.952D-04
   288   -0.107118D+02     0.100D+00     0.820D-05
   289   -0.109790D+02     0.100D+00     0.147D-05
   290   -0.880688D+01     0.100D+00    -0.263D-05
   291   -0.918770D+01     0.100D+00    -0.439D-04
   292   -0.101720D+02     0.100D+00     0.199D-04
   293   -0.125484D+02     0.100D+00    -0.107D-07
   294   -0.130632D+02     0.100D+00    -0.586D-07
   295   -0.120868D+02     0.100D+00    -0.100D-05
   296   -0.113591D+02     0.100D+00    -0.510D-05
   297   -0.104328D+02     0.100D+00    -0.191D-05
   298   -0.103475D+02     0.100D+00    -0.129D-05
   299   -0.103238D+02     0.100D+00    -0.220D-05
   300   -0.103158D+02     0.100D+00    -0.202D-05
   301   -0.154007D+02     0.100D+00    -0.206D-09
   302   -0.194802D+02     0.100D+00    -0.917D-10
   303   -0.133160D+02     0.100D+00    -0.705D-08
   304   -0.133727D+02     0.100D+00    -0.474D-08
   305   -0.118338D+02     0.100D+00    -0.767D-09
   306    0.782036D+01     0.100D+00     0.385D-05
   307    0.916520D+01     0.100D+00    -0.177D-04
   308    0.164304D+02     0.100D+00     0.351D-07
   309   -0.129169D+02     0.100D+00    -0.372D-08
   310   -0.122492D+02     0.100D+00    -0.129D-06
   311   -0.125625D+02     0.100D+00    -0.543D-06
   312   -0.129113D+02     0.100D+00    -0.899D-07
   313   -0.124299D+02     0.100D+00    -0.624D-07
   314   -0.125461D+02     0.100D+00    -0.549D-07
   315   -0.102415D+02     0.100D+00     0.591D-05
   316   -0.101233D+02     0.100D+00     0.470D-04
   317   -0.101688D+02     0.100D+00     0.496D-04
   318   -0.105210D+02     0.100D+00     0.875D-05
   319   -0.106904D+02     0.100D+00    -0.112D-04
   320   -0.102739D+02     0.100D+00     0.751D-05
   321   -0.999357D+01     0.100D+00     0.351D-04
   322   -0.102955D+02     0.100D+00     0.364D-05
   323   -0.125636D+02     0.100D+00    -0.398D-07
   324   -0.130652D+02     0.100D+00    -0.224D-06
   325   -0.120296D+02     0.100D+00    -0.437D-05
   326   -0.120594D+02     0.100D+00    -0.522D-05
   327   -0.103384D+02     0.100D+00    -0.313D-05
   328   -0.102578D+02     0.100D+00    -0.201D-05
   329   -0.910850D+01     0.100D+00    -0.258D-04
   330   -0.903707D+01     0.100D+00    -0.246D-04

     i     initial x(i)        d(i)

     1     0.899138D+01     0.100D+00
     2     0.870260D+01     0.100D+00
     3     0.989682D+01     0.100D+00
     4     0.870552D+01     0.100D+00
     5     0.634497D+01     0.100D+00
     6     0.595673D+01     0.100D+00
     7     0.109726D+02     0.100D+00
     8     0.149473D+02     0.100D+00
     9     0.151997D+01     0.100D+00
    10     0.117283D+01     0.100D+00
    11     0.137802D+01     0.100D+00
    12     0.369551D+01     0.100D+00
    13     0.260410D+01     0.100D+00
    14     0.129120D+01     0.100D+00
    15     0.140409D+01     0.100D+00
    16     0.975720D+00     0.100D+00
    17     0.889496D+01     0.100D+00
    18     0.871363D+01     0.100D+00
    19     0.102274D+02     0.100D+00
    20     0.687676D+01     0.100D+00
    21     0.446455D+01     0.100D+00
    22     0.198494D+02     0.100D+00
    23     0.164304D+02     0.100D+00
    24     0.916520D+01     0.100D+00
    25     0.782036D+01     0.100D+00
    26     0.146721D+02     0.100D+00
    27     0.104724D+02     0.100D+00
    28     0.966956D+01     0.100D+00
    29     0.138773D+02     0.100D+00
    30     0.154505D+02     0.100D+00
    31    -0.853615D+01     0.100D+00
    32    -0.742451D+01     0.100D+00
    33    -0.126935D+02     0.100D+00
    34    -0.124082D+02     0.100D+00
    35    -0.107834D+02     0.100D+00
    36    -0.128462D+02     0.100D+00
    37    -0.162065D+02     0.100D+00
    38    -0.160865D+02     0.100D+00
    39    -0.653950D+01     0.100D+00
    40    -0.752168D+01     0.100D+00
    41    -0.590896D+00     0.100D+00
    42     0.127303D+01     0.100D+00
    43     0.574692D+00     0.100D+00
    44     0.812584D+00     0.100D+00
    45    -0.607782D+01     0.100D+00
    46    -0.573518D+01     0.100D+00
    47    -0.586672D+01     0.100D+00
    48    -0.459359D+01     0.100D+00
    49    -0.349754D+01     0.100D+00
    50    -0.590799D+01     0.100D+00
    51    -0.617260D+01     0.100D+00
    52    -0.591981D+01     0.100D+00
    53    -0.433747D+01     0.100D+00
    54     0.333559D+01     0.100D+00
    55    -0.152174D+01     0.100D+00
    56    -0.133508D+01     0.100D+00
    57    -0.800493D+01     0.100D+00
    58    -0.964228D+01     0.100D+00
    59    -0.963991D+01     0.100D+00
    60    -0.959648D+01     0.100D+00
    61    -0.183917D+02     0.100D+00
    62    -0.185150D+02     0.100D+00
    63    -0.107686D+02     0.100D+00
    64    -0.105238D+02     0.100D+00
    65    -0.937266D+01     0.100D+00
    66    -0.494040D+01     0.100D+00
    67    -0.994765D+01     0.100D+00
    68    -0.968127D+01     0.100D+00
    69    -0.135081D+02     0.100D+00
    70    -0.105448D+02     0.100D+00
    71    -0.101692D+02     0.100D+00
    72    -0.105830D+02     0.100D+00
    73    -0.864141D+01     0.100D+00
    74    -0.863331D+01     0.100D+00
    75    -0.859271D+01     0.100D+00
    76    -0.943682D+01     0.100D+00
    77    -0.933138D+01     0.100D+00
    78    -0.845925D+01     0.100D+00
    79    -0.872114D+01     0.100D+00
    80    -0.865685D+01     0.100D+00
    81    -0.853749D+01     0.100D+00
    82    -0.807241D+01     0.100D+00
    83    -0.921164D+01     0.100D+00
    84    -0.970769D+01     0.100D+00
    85    -0.930560D+01     0.100D+00
    86    -0.934359D+01     0.100D+00
    87    -0.105198D+02     0.100D+00
    88    -0.100585D+02     0.100D+00
    89    -0.100426D+02     0.100D+00
    90    -0.100406D+02     0.100D+00
    91     0.617527D+01     0.100D+00
    92     0.525252D+01     0.100D+00
    93    -0.731923D+01     0.100D+00
    94    -0.977542D+01     0.100D+00
    95    -0.818471D+01     0.100D+00
    96    -0.996433D+01     0.100D+00
    97    -0.102980D+02     0.100D+00
    98    -0.993980D+01     0.100D+00
    99    -0.871472D+01     0.100D+00
   100    -0.912563D+01     0.100D+00
   101    -0.802503D+01     0.100D+00
   102    -0.999211D+01     0.100D+00
   103    -0.973195D+01     0.100D+00
   104    -0.983959D+01     0.100D+00
   105    -0.915419D+01     0.100D+00
   106    -0.909129D+01     0.100D+00
   107    -0.897101D+01     0.100D+00
   108    -0.930959D+01     0.100D+00
   109    -0.958083D+01     0.100D+00
   110    -0.972399D+01     0.100D+00
   111    -0.973001D+01     0.100D+00
   112    -0.975554D+01     0.100D+00
   113    -0.108863D+02     0.100D+00
   114    -0.113926D+02     0.100D+00
   115    -0.928333D+01     0.100D+00
   116    -0.930080D+01     0.100D+00
   117    -0.100827D+02     0.100D+00
   118    -0.101883D+02     0.100D+00
   119    -0.101773D+02     0.100D+00
   120    -0.101734D+02     0.100D+00
   121    -0.107828D+02     0.100D+00
   122    -0.915321D+01     0.100D+00
   123    -0.119774D+02     0.100D+00
   124    -0.118229D+02     0.100D+00
   125    -0.109671D+02     0.100D+00
   126    -0.120276D+02     0.100D+00
   127    -0.950771D+01     0.100D+00
   128    -0.926704D+01     0.100D+00
   129    -0.904283D+01     0.100D+00
   130    -0.639281D+01     0.100D+00
   131    -0.114869D+02     0.100D+00
   132    -0.118533D+02     0.100D+00
   133    -0.116368D+02     0.100D+00
   134    -0.100515D+02     0.100D+00
   135    -0.998799D+01     0.100D+00
   136    -0.995525D+01     0.100D+00
   137    -0.991267D+01     0.100D+00
   138    -0.919085D+01     0.100D+00
   139    -0.935603D+01     0.100D+00
   140    -0.920903D+01     0.100D+00
   141    -0.992327D+01     0.100D+00
   142    -0.104705D+02     0.100D+00
   143    -0.123642D+02     0.100D+00
   144    -0.123608D+02     0.100D+00
   145    -0.113090D+02     0.100D+00
   146    -0.114329D+02     0.100D+00
   147    -0.105756D+02     0.100D+00
   148    -0.104824D+02     0.100D+00
   149    -0.104797D+02     0.100D+00
   150    -0.104389D+02     0.100D+00
   151    -0.115898D+02     0.100D+00
   152    -0.102237D+02     0.100D+00
   153    -0.113905D+02     0.100D+00
   154    -0.114367D+02     0.100D+00
   155    -0.857478D+01     0.100D+00
   156    -0.104992D+02     0.100D+00
   157    -0.997047D+01     0.100D+00
   158    -0.973438D+01     0.100D+00
   159    -0.132268D+02     0.100D+00
   160    -0.116105D+02     0.100D+00
   161    -0.127479D+02     0.100D+00
   162    -0.130241D+02     0.100D+00
   163    -0.119277D+02     0.100D+00
   164    -0.120705D+02     0.100D+00
   165    -0.994197D+01     0.100D+00
   166    -0.101194D+02     0.100D+00
   167    -0.100566D+02     0.100D+00
   168    -0.102051D+02     0.100D+00
   169    -0.104213D+02     0.100D+00
   170    -0.100686D+02     0.100D+00
   171    -0.106836D+02     0.100D+00
   172    -0.103045D+02     0.100D+00
   173    -0.123367D+02     0.100D+00
   174    -0.128587D+02     0.100D+00
   175    -0.117792D+02     0.100D+00
   176    -0.119161D+02     0.100D+00
   177    -0.105303D+02     0.100D+00
   178    -0.104541D+02     0.100D+00
   179    -0.105281D+02     0.100D+00
   180    -0.105156D+02     0.100D+00
   181    -0.126518D+02     0.100D+00
   182    -0.122451D+02     0.100D+00
   183    -0.113529D+02     0.100D+00
   184    -0.119233D+02     0.100D+00
   185    -0.106680D+02     0.100D+00
   186    -0.121440D+02     0.100D+00
   187    -0.105757D+02     0.100D+00
   188    -0.977575D+01     0.100D+00
   189    -0.109630D+02     0.100D+00
   190    -0.897839D+01     0.100D+00
   191    -0.100003D+02     0.100D+00
   192    -0.105534D+02     0.100D+00
   193    -0.112680D+02     0.100D+00
   194    -0.122891D+02     0.100D+00
   195    -0.100121D+02     0.100D+00
   196    -0.100015D+02     0.100D+00
   197    -0.103490D+02     0.100D+00
   198    -0.106589D+02     0.100D+00
   199    -0.109387D+02     0.100D+00
   200    -0.100022D+02     0.100D+00
   201    -0.986049D+01     0.100D+00
   202    -0.992576D+01     0.100D+00
   203    -0.120467D+02     0.100D+00
   204    -0.111702D+02     0.100D+00
   205    -0.100913D+02     0.100D+00
   206    -0.101256D+02     0.100D+00
   207    -0.953847D+01     0.100D+00
   208    -0.994733D+01     0.100D+00
   209    -0.992850D+01     0.100D+00
   210    -0.994216D+01     0.100D+00
   211    -0.866367D+01     0.100D+00
   212    -0.861692D+01     0.100D+00
   213    -0.842104D+00     0.100D+00
   214    -0.980114D+01     0.100D+00
   215    -0.665768D+01     0.100D+00
   216    -0.101449D+02     0.100D+00
   217    -0.113976D+02     0.100D+00
   218    -0.107077D+02     0.100D+00
   219    -0.131414D+02     0.100D+00
   220    -0.971439D+01     0.100D+00
   221    -0.109846D+02     0.100D+00
   222    -0.113422D+02     0.100D+00
   223    -0.128127D+02     0.100D+00
   224    -0.129880D+02     0.100D+00
   225    -0.988751D+01     0.100D+00
   226    -0.988666D+01     0.100D+00
   227    -0.982553D+01     0.100D+00
   228    -0.107309D+02     0.100D+00
   229    -0.109880D+02     0.100D+00
   230    -0.106442D+02     0.100D+00
   231    -0.103328D+02     0.100D+00
   232    -0.105834D+02     0.100D+00
   233    -0.112054D+02     0.100D+00
   234    -0.117608D+02     0.100D+00
   235    -0.106804D+02     0.100D+00
   236    -0.116230D+02     0.100D+00
   237    -0.104807D+02     0.100D+00
   238    -0.103929D+02     0.100D+00
   239    -0.103443D+02     0.100D+00
   240    -0.105237D+02     0.100D+00
   241    -0.176237D+02     0.100D+00
   242    -0.168984D+02     0.100D+00
   243    -0.972474D+01     0.100D+00
   244    -0.953050D+01     0.100D+00
   245    -0.115008D+02     0.100D+00
   246    -0.128711D+02     0.100D+00
   247    -0.112796D+02     0.100D+00
   248    -0.988333D+01     0.100D+00
   249    -0.133126D+02     0.100D+00
   250    -0.105346D+02     0.100D+00
   251    -0.113772D+02     0.100D+00
   252    -0.109043D+02     0.100D+00
   253    -0.106625D+02     0.100D+00
   254    -0.108921D+02     0.100D+00
   255    -0.968692D+01     0.100D+00
   256    -0.966574D+01     0.100D+00
   257    -0.958703D+01     0.100D+00
   258    -0.103276D+02     0.100D+00
   259    -0.106270D+02     0.100D+00
   260    -0.101887D+02     0.100D+00
   261    -0.885576D+01     0.100D+00
   262    -0.812497D+01     0.100D+00
   263    -0.955134D+01     0.100D+00
   264    -0.110334D+02     0.100D+00
   265    -0.997413D+01     0.100D+00
   266    -0.995391D+01     0.100D+00
   267    -0.103063D+02     0.100D+00
   268    -0.102302D+02     0.100D+00
   269    -0.102345D+02     0.100D+00
   270    -0.105121D+02     0.100D+00
   271    -0.100897D+02     0.100D+00
   272    -0.867710D+01     0.100D+00
   273    -0.123890D+02     0.100D+00
   274    -0.198201D+01     0.100D+00
   275    -0.182335D+02     0.100D+00
   276    -0.579919D+01     0.100D+00
   277    -0.100034D+02     0.100D+00
   278    -0.100577D+02     0.100D+00
   279    -0.105879D+02     0.100D+00
   280    -0.989691D+01     0.100D+00
   281    -0.110367D+02     0.100D+00
   282    -0.124410D+02     0.100D+00
   283    -0.122817D+02     0.100D+00
   284    -0.125017D+02     0.100D+00
   285    -0.949741D+01     0.100D+00
   286    -0.949326D+01     0.100D+00
   287    -0.932693D+01     0.100D+00
   288    -0.107118D+02     0.100D+00
   289    -0.109790D+02     0.100D+00
   290    -0.880688D+01     0.100D+00
   291    -0.918770D+01     0.100D+00
   292    -0.101720D+02     0.100D+00
   293    -0.125484D+02     0.100D+00
   294    -0.130632D+02     0.100D+00
   295    -0.120868D+02     0.100D+00
   296    -0.113591D+02     0.100D+00
   297    -0.104328D+02     0.100D+00
   298    -0.103475D+02     0.100D+00
   299    -0.103238D+02     0.100D+00
   300    -0.103158D+02     0.100D+00
   301    -0.154007D+02     0.100D+00
   302    -0.194802D+02     0.100D+00
   303    -0.133160D+02     0.100D+00
   304    -0.133727D+02     0.100D+00
   305    -0.118338D+02     0.100D+00
   306    -0.868784D+01     0.100D+00
   307    -0.208299D+01     0.100D+00
   308    -0.134013D+02     0.100D+00
   309    -0.129169D+02     0.100D+00
   310    -0.122492D+02     0.100D+00
   311    -0.125625D+02     0.100D+00
   312    -0.129113D+02     0.100D+00
   313    -0.124299D+02     0.100D+00
   314    -0.125461D+02     0.100D+00
   315    -0.102415D+02     0.100D+00
   316    -0.101233D+02     0.100D+00
   317    -0.101688D+02     0.100D+00
   318    -0.105210D+02     0.100D+00
   319    -0.106904D+02     0.100D+00
   320    -0.102739D+02     0.100D+00
   321    -0.999357D+01     0.100D+00
   322    -0.102955D+02     0.100D+00
   323    -0.125636D+02     0.100D+00
   324    -0.130652D+02     0.100D+00
   325    -0.120296D+02     0.100D+00
   326    -0.120594D+02     0.100D+00
   327    -0.103384D+02     0.100D+00
   328    -0.102578D+02     0.100D+00
   329    -0.910850D+01     0.100D+00
   330    -0.903707D+01     0.100D+00

    it   nf       f        reldf    preldf    reldx   stppar   d*step   npreldf

     0    1 -0.164D+04
     1    3 -0.164D+04  0.15D-04  0.18D-04  0.1D-01  0.3D+01  0.1D+00  0.24D-04
     2    4 -0.164D+04  0.10D-04  0.90D-05  0.2D-01  0.2D+01  0.1D+00  0.22D-04
     3    5 -0.164D+04  0.84D-05  0.11D-04  0.2D-01  0.2D+01  0.1D+00  0.22D-04
     4    6 -0.164D+04  0.20D-05  0.58D-05  0.1D-01  0.5D+00  0.1D+00  0.62D-05
     5    7 -0.164D+04  0.22D-05  0.57D-05  0.1D-01  0.0D+00  0.1D+00  0.57D-05
     6    8 -0.164D+04  0.16D-05  0.18D-05  0.7D-02  0.0D+00  0.8D-01  0.18D-05
     7    9 -0.164D+04  0.70D-06  0.13D-05  0.6D-02  0.0D+00  0.7D-01  0.13D-05
     8   10 -0.164D+04  0.11D-05  0.94D-06  0.5D-02  0.0D+00  0.6D-01  0.94D-06
     9   11 -0.164D+04  0.86D-06  0.79D-06  0.6D-02  0.8D+00  0.6D-01  0.93D-06
    10   13 -0.164D+04  0.15D-05  0.21D-05  0.3D-01  0.0D+00  0.3D+00  0.21D-05
    11   14 -0.164D+04  0.33D-05  0.21D-05  0.1D-01  0.0D+00  0.9D-01  0.21D-05
    12   16 -0.164D+04  0.71D-05  0.60D-05  0.3D-01  0.5D+00  0.2D+00  0.18D-04
    13   49 -0.164D+04  0.97D-15  0.53D-13  0.5D-11  0.5D+10  0.3D-10  0.14D-03
    14   67 -0.164D+04  0.17D-05  0.26D-05  0.2D-01  0.6D+00  0.1D+00  0.33D-05
    15   68 -0.164D+04  0.17D-06  0.18D-05  0.2D-01  0.5D-01  0.1D+00  0.18D-05
    16   69 -0.164D+04  0.12D-05  0.16D-05  0.8D-02  0.3D+00  0.5D-01  0.16D-05
    17   70 -0.164D+04  0.37D-06  0.61D-06  0.4D-02  0.0D+00  0.4D-01  0.61D-06
    18   71 -0.164D+04  0.53D-06  0.35D-06  0.5D-02  0.0D+00  0.4D-01  0.35D-06
    19   72 -0.164D+04  0.48D-06  0.58D-06  0.9D-02  0.3D+00  0.8D-01  0.62D-06
    20   73 -0.164D+04  0.68D-06  0.48D-06  0.1D-01  0.1D+00  0.8D-01  0.48D-06
    21   75 -0.164D+04  0.26D-05  0.17D-05  0.3D-01  0.0D+00  0.2D+00  0.36D-05
    22  110 -0.164D+04  0.83D-15  0.44D-14  0.1D-11  0.3D+05  0.6D-11  0.54D-04
    23  115 -0.164D+04  0.00D+00  0.16D-18  0.2D-15  0.6D+04  0.2D-14  0.15D-05

False convergence.

 function    -0.164442D+04   reldx        0.157D-15
 func. evals     115         grad. evals      23
 preldf       0.158D-18      npreldf      0.155D-05

     i      final x(i)        d(i)          g(i)

     1    0.865068D+01     0.100D+00     0.674D-04
     2    0.833452D+01     0.100D+00     0.726D-04
     3    0.975374D+01     0.100D+00     0.267D-04
     4    0.805004D+01     0.100D+00     0.147D-03
     5    0.560675D+01     0.100D+00     0.120D-02
     6    0.485850D+01     0.100D+00    -0.336D-02
     7    0.107765D+02     0.100D+00    -0.122D-02
     8    0.148947D+02     0.100D+00     0.967D-05
     9    0.492472D+00     0.100D+00    -0.296D-02
    10    0.275120D+00     0.100D+00     0.288D-02
    11    0.446229D+00     0.100D+00     0.444D-02
    12    0.172186D+01     0.100D+00     0.423D-03
    13    0.124498D+01     0.100D+00    -0.102D-02
    14    0.314224D+00     0.100D+00     0.578D-03
    15    0.407098D+00     0.100D+00     0.181D-02
    16   -0.859288D-01     0.100D+00     0.223D-02
    17    0.847541D+01     0.100D+00    -0.175D-03
    18    0.819409D+01     0.100D+00    -0.108D-02
    19    0.956839D+01     0.100D+00     0.125D-03
    20    0.630422D+01     0.100D+00    -0.193D-03
    21    0.329500D+00     0.100D+00    -0.373D-02
    22    0.198482D+02     0.100D+00     0.222D-06
    23    0.164268D+02     0.100D+00     0.643D-06
    24    0.609803D+01     0.100D+00     0.471D-02
    25    0.442845D+01     0.100D+00     0.396D-02
    26    0.146586D+02     0.100D+00     0.242D-05
    27    0.100505D+02     0.100D+00     0.956D-04
    28    0.891015D+01     0.100D+00     0.161D-03
    29    0.133136D+02     0.100D+00     0.224D-03
    30    0.143054D+02     0.100D+00    -0.195D-03
    31   -0.853255D+01     0.100D+00    -0.871D-06
    32   -0.741256D+01     0.100D+00    -0.221D-05
    33   -0.126834D+02     0.100D+00    -0.232D-05
    34   -0.124027D+02     0.100D+00    -0.113D-05
    35   -0.107822D+02     0.100D+00    -0.213D-06
    36   -0.128210D+02     0.100D+00    -0.161D-04
    37   -0.162044D+02     0.100D+00    -0.634D-06
    38   -0.160865D+02     0.100D+00    -0.391D-08
    39   -0.653866D+01     0.100D+00    -0.155D-06
    40   -0.519505D+01     0.100D+00     0.422D-02
    41   -0.926642D+00     0.100D+00     0.387D-03
    42    0.186346D+01     0.100D+00    -0.112D-03
    43    0.794404D+00     0.100D+00     0.114D-02
    44    0.970269D+00     0.100D+00     0.225D-03
    45   -0.729221D+01     0.100D+00    -0.357D-03
    46   -0.676584D+01     0.100D+00    -0.675D-03
    47   -0.683833D+01     0.100D+00    -0.125D-03
    48   -0.580081D+01     0.100D+00     0.152D-02
    49   -0.547263D+01     0.100D+00    -0.171D-03
    50   -0.691629D+01     0.100D+00    -0.218D-02
    51   -0.700647D+01     0.100D+00    -0.124D-02
    52   -0.661490D+01     0.100D+00     0.154D-02
    53   -0.428932D+01     0.100D+00    -0.886D-05
    54    0.350399D+01     0.100D+00     0.123D-02
    55   -0.225123D+01     0.100D+00     0.383D-02
    56   -0.186257D+01     0.100D+00    -0.918D-03
    57   -0.759973D+01     0.100D+00    -0.952D-04
    58   -0.959920D+01     0.100D+00    -0.811D-05
    59   -0.953770D+01     0.100D+00    -0.208D-04
    60   -0.949466D+01     0.100D+00    -0.207D-04
    61   -0.183917D+02     0.100D+00    -0.555D-08
    62   -0.185149D+02     0.100D+00    -0.912D-08
    63   -0.107543D+02     0.100D+00    -0.330D-05
    64   -0.105122D+02     0.100D+00    -0.239D-05
    65   -0.937060D+01     0.100D+00    -0.368D-06
    66   -0.221629D+01     0.100D+00    -0.356D-02
    67   -0.985870D+01     0.100D+00    -0.274D-04
    68   -0.968020D+01     0.100D+00    -0.191D-06
    69   -0.135081D+02     0.100D+00    -0.431D-08
    70   -0.898227D+01     0.100D+00    -0.112D-02
    71   -0.993109D+01     0.100D+00    -0.532D-04
    72   -0.105618D+02     0.100D+00    -0.387D-05
    73   -0.846327D+01     0.100D+00    -0.360D-04
    74   -0.849510D+01     0.100D+00    -0.270D-04
    75   -0.825560D+01     0.100D+00    -0.945D-03
    76   -0.918845D+01     0.100D+00    -0.247D-04
    77   -0.880269D+01     0.100D+00    -0.186D-04
    78   -0.823010D+01     0.100D+00    -0.203D-03
    79   -0.856331D+01     0.100D+00     0.612D-04
    80   -0.807381D+01     0.100D+00    -0.841D-03
    81   -0.801869D+01     0.100D+00    -0.553D-03
    82   -0.754544D+01     0.100D+00     0.821D-03
    83   -0.921030D+01     0.100D+00    -0.243D-06
    84   -0.969828D+01     0.100D+00    -0.172D-05
    85   -0.881771D+01     0.100D+00    -0.127D-03
    86   -0.904087D+01     0.100D+00    -0.693D-04
    87   -0.104936D+02     0.100D+00    -0.553D-05
    88   -0.100441D+02     0.100D+00    -0.267D-05
    89   -0.999892D+01     0.100D+00    -0.864D-05
    90   -0.100151D+02     0.100D+00    -0.499D-05
    91    0.731370D+01     0.100D+00     0.197D-03
    92    0.579490D+01     0.100D+00    -0.220D-03
    93   -0.726021D+01     0.100D+00    -0.139D-04
    94   -0.976710D+01     0.100D+00    -0.172D-05
    95   -0.818227D+01     0.100D+00    -0.440D-06
    96   -0.991844D+01     0.100D+00    -0.283D-04
    97   -0.102645D+02     0.100D+00    -0.101D-04
    98   -0.993947D+01     0.100D+00    -0.590D-07
    99   -0.871459D+01     0.100D+00    -0.228D-07
   100   -0.897043D+01     0.100D+00     0.948D-04
   101   -0.770259D+01     0.100D+00    -0.673D-04
   102   -0.997779D+01     0.100D+00    -0.259D-05
   103   -0.967729D+01     0.100D+00    -0.106D-04
   104   -0.979325D+01     0.100D+00    -0.877D-05
   105   -0.884457D+01     0.100D+00    -0.587D-03
   106   -0.844881D+01     0.100D+00    -0.376D-03
   107   -0.846153D+01     0.100D+00    -0.243D-03
   108   -0.896097D+01     0.100D+00    -0.953D-04
   109   -0.949165D+01     0.100D+00     0.608D-04
   110   -0.966607D+01     0.100D+00    -0.991D-04
   111   -0.939881D+01     0.100D+00    -0.119D-03
   112   -0.961581D+01     0.100D+00    -0.124D-03
   113   -0.108858D+02     0.100D+00    -0.932D-07
   114   -0.113877D+02     0.100D+00    -0.890D-06
   115   -0.886028D+01     0.100D+00    -0.107D-03
   116   -0.902010D+01     0.100D+00    -0.626D-04
   117   -0.100430D+02     0.100D+00    -0.829D-05
   118   -0.101724D+02     0.100D+00    -0.295D-05
   119   -0.101396D+02     0.100D+00    -0.743D-05
   120   -0.101471D+02     0.100D+00    -0.515D-05
   121   -0.107824D+02     0.100D+00    -0.101D-06
   122   -0.915153D+01     0.100D+00    -0.310D-06
   123   -0.119737D+02     0.100D+00    -0.856D-06
   124   -0.118200D+02     0.100D+00    -0.599D-06
   125   -0.109665D+02     0.100D+00    -0.103D-06
   126   -0.120118D+02     0.100D+00    -0.997D-05
   127   -0.946260D+01     0.100D+00    -0.136D-04
   128   -0.926649D+01     0.100D+00    -0.971D-07
   129   -0.904272D+01     0.100D+00    -0.189D-07
   130   -0.707140D+01     0.100D+00     0.499D-03
   131   -0.114396D+02     0.100D+00    -0.994D-05
   132   -0.118486D+02     0.100D+00    -0.849D-06
   133   -0.116268D+02     0.100D+00    -0.193D-05
   134   -0.100203D+02     0.100D+00    -0.589D-05
   135   -0.974991D+01     0.100D+00    -0.118D-03
   136   -0.101526D+02     0.100D+00    -0.302D-04
   137   -0.990426D+01     0.100D+00     0.170D-04
   138   -0.852001D+01     0.100D+00    -0.113D-03
   139   -0.831789D+01     0.100D+00    -0.261D-04
   140   -0.892790D+01     0.100D+00    -0.284D-03
   141   -0.100157D+02     0.100D+00    -0.512D-04
   142   -0.105348D+02     0.100D+00    -0.304D-04
   143   -0.123640D+02     0.100D+00    -0.283D-07
   144   -0.123595D+02     0.100D+00    -0.239D-06
   145   -0.112398D+02     0.100D+00    -0.175D-04
   146   -0.113731D+02     0.100D+00    -0.130D-04
   147   -0.105601D+02     0.100D+00    -0.310D-05
   148   -0.104745D+02     0.100D+00    -0.145D-05
   149   -0.104597D+02     0.100D+00    -0.389D-05
   150   -0.104194D+02     0.100D+00    -0.378D-05
   151   -0.115896D+02     0.100D+00    -0.497D-07
   152   -0.102228D+02     0.100D+00    -0.163D-06
   153   -0.113860D+02     0.100D+00    -0.103D-05
   154   -0.114339D+02     0.100D+00    -0.573D-06
   155   -0.857292D+01     0.100D+00    -0.333D-06
   156   -0.104752D+02     0.100D+00    -0.146D-04
   157   -0.994709D+01     0.100D+00    -0.699D-05
   158   -0.973411D+01     0.100D+00    -0.481D-07
   159   -0.132268D+02     0.100D+00    -0.152D-08
   160   -0.115573D+02     0.100D+00    -0.116D-04
   161   -0.127376D+02     0.100D+00    -0.215D-05
   162   -0.130225D+02     0.100D+00    -0.287D-06
   163   -0.119208D+02     0.100D+00    -0.133D-05
   164   -0.120644D+02     0.100D+00    -0.114D-05
   165   -0.983768D+01     0.100D+00     0.123D-03
   166   -0.102952D+02     0.100D+00    -0.592D-04
   167   -0.103491D+02     0.100D+00    -0.143D-04
   168   -0.999644D+01     0.100D+00    -0.156D-04
   169   -0.100487D+02     0.100D+00     0.356D-04
   170   -0.997882D+01     0.100D+00    -0.594D-04
   171   -0.108527D+02     0.100D+00    -0.291D-04
   172   -0.105733D+02     0.100D+00     0.231D-05
   173   -0.123365D+02     0.100D+00    -0.240D-07
   174   -0.128577D+02     0.100D+00    -0.178D-06
   175   -0.117084D+02     0.100D+00    -0.179D-04
   176   -0.118407D+02     0.100D+00    -0.164D-04
   177   -0.105149D+02     0.100D+00    -0.308D-05
   178   -0.104459D+02     0.100D+00    -0.152D-05
   179   -0.105083D+02     0.100D+00    -0.384D-05
   180   -0.104980D+02     0.100D+00    -0.341D-05
   181   -0.126517D+02     0.100D+00    -0.337D-07
   182   -0.122448D+02     0.100D+00    -0.636D-07
   183   -0.113483D+02     0.100D+00    -0.106D-05
   184   -0.119215D+02     0.100D+00    -0.369D-06
   185   -0.106676D+02     0.100D+00    -0.644D-07
   186   -0.121359D+02     0.100D+00    -0.493D-05
   187   -0.105561D+02     0.100D+00    -0.585D-05
   188   -0.977544D+01     0.100D+00    -0.564D-07
   189   -0.109630D+02     0.100D+00    -0.464D-08
   190   -0.891694D+01     0.100D+00     0.154D-03
   191   -0.988275D+01     0.100D+00    -0.251D-04
   192   -0.105451D+02     0.100D+00    -0.150D-05
   193   -0.112591D+02     0.100D+00    -0.171D-05
   194   -0.122843D+02     0.100D+00    -0.902D-06
   195   -0.971500D+01     0.100D+00    -0.142D-03
   196   -0.921925D+01     0.100D+00    -0.164D-03
   197   -0.101900D+02     0.100D+00     0.544D-05
   198   -0.103905D+02     0.100D+00    -0.236D-04
   199   -0.105234D+02     0.100D+00    -0.592D-04
   200   -0.976856D+01     0.100D+00    -0.596D-04
   201   -0.947670D+01     0.100D+00    -0.208D-03
   202   -0.964837D+01     0.100D+00    -0.228D-04
   203   -0.120465D+02     0.100D+00    -0.387D-07
   204   -0.111669D+02     0.100D+00    -0.606D-06
   205   -0.986076D+01     0.100D+00    -0.578D-04
   206   -0.997715D+01     0.100D+00    -0.327D-04
   207   -0.947757D+01     0.100D+00    -0.126D-04
   208   -0.993118D+01     0.100D+00    -0.300D-05
   209   -0.988615D+01     0.100D+00    -0.835D-05
   210   -0.990363D+01     0.100D+00    -0.758D-05
   211   -0.866213D+01     0.100D+00    -0.372D-06
   212   -0.861395D+01     0.100D+00    -0.546D-06
   213   -0.217418D+00     0.100D+00    -0.129D-03
   214   -0.979439D+01     0.100D+00    -0.139D-05
   215   -0.665324D+01     0.100D+00    -0.799D-06
   216   -0.101057D+02     0.100D+00    -0.244D-04
   217   -0.113806D+02     0.100D+00    -0.507D-05
   218   -0.107076D+02     0.100D+00    -0.287D-07
   219   -0.131414D+02     0.100D+00    -0.158D-08
   220   -0.961751D+01     0.100D+00     0.473D-04
   221   -0.109320D+02     0.100D+00    -0.110D-04
   222   -0.113386D+02     0.100D+00    -0.650D-06
   223   -0.128073D+02     0.100D+00    -0.102D-05
   224   -0.129825D+02     0.100D+00    -0.103D-05
   225   -0.994233D+01     0.100D+00     0.172D-03
   226   -0.988801D+01     0.100D+00    -0.698D-04
   227   -0.987915D+01     0.100D+00     0.546D-04
   228   -0.107457D+02     0.100D+00     0.956D-05
   229   -0.106580D+02     0.100D+00    -0.614D-04
   230   -0.108263D+02     0.100D+00    -0.448D-04
   231   -0.106628D+02     0.100D+00    -0.430D-04
   232   -0.108206D+02     0.100D+00    -0.133D-04
   233   -0.112051D+02     0.100D+00    -0.542D-07
   234   -0.117588D+02     0.100D+00    -0.350D-06
   235   -0.105159D+02     0.100D+00    -0.415D-04
   236   -0.115222D+02     0.100D+00    -0.222D-04
   237   -0.104533D+02     0.100D+00    -0.574D-05
   238   -0.103824D+02     0.100D+00    -0.196D-05
   239   -0.103298D+02     0.100D+00    -0.276D-05
   240   -0.105125D+02     0.100D+00    -0.213D-05
   241   -0.176237D+02     0.100D+00    -0.184D-08
   242   -0.168984D+02     0.100D+00    -0.550D-08
   243   -0.969137D+01     0.100D+00    -0.774D-05
   244   -0.951197D+01     0.100D+00    -0.382D-05
   245   -0.115005D+02     0.100D+00    -0.524D-07
   246   -0.128643D+02     0.100D+00    -0.421D-05
   247   -0.112672D+02     0.100D+00    -0.370D-05
   248   -0.988297D+01     0.100D+00    -0.629D-07
   249   -0.133126D+02     0.100D+00    -0.179D-08
   250   -0.103688D+02     0.100D+00    -0.438D-04
   251   -0.113320D+02     0.100D+00    -0.945D-05
   252   -0.108949D+02     0.100D+00    -0.169D-05
   253   -0.106417D+02     0.100D+00    -0.403D-05
   254   -0.108756D+02     0.100D+00    -0.310D-05
   255   -0.930431D+01     0.100D+00    -0.241D-03
   256   -0.939866D+01     0.100D+00    -0.851D-04
   257   -0.920145D+01     0.100D+00    -0.805D-04
   258   -0.985441D+01     0.100D+00    -0.327D-04
   259   -0.997432D+01     0.100D+00    -0.138D-03
   260   -0.101965D+02     0.100D+00    -0.625D-04
   261   -0.833389D+01     0.100D+00    -0.280D-03
   262   -0.760782D+01     0.100D+00     0.877D-03
   263   -0.954983D+01     0.100D+00    -0.273D-06
   264   -0.110294D+02     0.100D+00    -0.728D-06
   265   -0.968325D+01     0.100D+00    -0.735D-04
   266   -0.976474D+01     0.100D+00    -0.417D-04
   267   -0.102801D+02     0.100D+00    -0.538D-05
   268   -0.102198D+02     0.100D+00    -0.192D-05
   269   -0.102184D+02     0.100D+00    -0.307D-05
   270   -0.104966D+02     0.100D+00    -0.300D-05
   271   -0.100890D+02     0.100D+00    -0.168D-06
   272   -0.867373D+01     0.100D+00    -0.620D-06
   273   -0.123853D+02     0.100D+00    -0.843D-06
   274   -0.161930D+01     0.100D+00    -0.834D-04
   275   -0.182335D+02     0.100D+00    -0.525D-08
   276   -0.548737D+01     0.100D+00    -0.169D-03
   277   -0.997177D+01     0.100D+00    -0.952D-05
   278   -0.100574D+02     0.100D+00    -0.629D-07
   279   -0.105878D+02     0.100D+00    -0.966D-08
   280   -0.963234D+01     0.100D+00    -0.552D-04
   281   -0.109786D+02     0.100D+00    -0.122D-04
   282   -0.124385D+02     0.100D+00    -0.448D-06
   283   -0.122755D+02     0.100D+00    -0.119D-05
   284   -0.124962D+02     0.100D+00    -0.105D-05
   285   -0.880220D+01     0.100D+00    -0.106D-03
   286   -0.881780D+01     0.100D+00    -0.298D-03
   287   -0.865226D+01     0.100D+00    -0.174D-03
   288   -0.104374D+02     0.100D+00    -0.191D-04
   289   -0.105728D+02     0.100D+00    -0.605D-04
   290   -0.803752D+01     0.100D+00    -0.750D-03
   291   -0.856113D+01     0.100D+00    -0.323D-03
   292   -0.963020D+01     0.100D+00    -0.785D-04
   293   -0.125482D+02     0.100D+00    -0.297D-07
   294   -0.130621D+02     0.100D+00    -0.209D-06
   295   -0.120336D+02     0.100D+00    -0.135D-04
   296   -0.112906D+02     0.100D+00    -0.149D-04
   297   -0.104114D+02     0.100D+00    -0.437D-05
   298   -0.103383D+02     0.100D+00    -0.170D-05
   299   -0.103001D+02     0.100D+00    -0.462D-05
   300   -0.102996D+02     0.100D+00    -0.314D-05
   301   -0.154007D+02     0.100D+00    -0.112D-07
   302   -0.194802D+02     0.100D+00    -0.199D-08
   303   -0.133144D+02     0.100D+00    -0.355D-06
   304   -0.133717D+02     0.100D+00    -0.209D-06
   305   -0.118336D+02     0.100D+00    -0.404D-07
   306   -0.849677D+01     0.100D+00    -0.127D-03
   307    0.710526D+00     0.100D+00    -0.463D-02
   308   -0.134011D+02     0.100D+00    -0.322D-07
   309   -0.129169D+02     0.100D+00    -0.198D-08
   310   -0.121218D+02     0.100D+00    -0.589D-04
   311   -0.125457D+02     0.100D+00    -0.354D-05
   312   -0.129083D+02     0.100D+00    -0.550D-06
   313   -0.124211D+02     0.100D+00    -0.173D-05
   314   -0.125386D+02     0.100D+00    -0.143D-05
   315   -0.102747D+02     0.100D+00    -0.242D-04
   316   -0.103369D+02     0.100D+00    -0.245D-04
   317   -0.101399D+02     0.100D+00    -0.311D-06
   318   -0.104131D+02     0.100D+00    -0.418D-05
   319   -0.102036D+02     0.100D+00    -0.648D-04
   320   -0.101589D+02     0.100D+00    -0.567D-04
   321   -0.100527D+02     0.100D+00    -0.337D-04
   322   -0.100056D+02     0.100D+00    -0.157D-04
   323   -0.125635D+02     0.100D+00    -0.236D-07
   324   -0.130645D+02     0.100D+00    -0.136D-06
   325   -0.119919D+02     0.100D+00    -0.940D-05
   326   -0.120191D+02     0.100D+00    -0.869D-05
   327   -0.103208D+02     0.100D+00    -0.349D-05
   328   -0.102504D+02     0.100D+00    -0.136D-05
   329   -0.906018D+01     0.100D+00    -0.918D-05
   330   -0.896846D+01     0.100D+00    -0.134D-04
